Test case 1:

N =

     3


K =

     3


a =

    0.0994
    0.8963
    0.0043


b =

    0.7749    0.0844    0.8001
    0.8173    0.3998    0.4314
    0.8687    0.2599    0.9106


beta =

    0.5000


x0 =

     1
     1
     1

x =

    0.6613
    0.1330
    0.2168


ans =

   1.0e-08 *

   -0.0000
    0.0008
    0.1305


Test case 2:


N =

    10


K =

    10


a =

    0.1129
    0.0985
    0.1366
    0.1324
    0.1462
    0.0539
    0.1296
    0.1042
    0.0742
    0.0115


b =

    0.7802    0.7343    0.1175    0.8669    0.7719    0.2941    0.9644    0.7978    0.0594    0.7229
    0.3376    0.0513    0.6407    0.0862    0.2057    0.2374    0.4325    0.4876    0.3158    0.5312
    0.6079    0.0729    0.3288    0.3664    0.3883    0.5309    0.6948    0.7690    0.7727    0.1088
    0.7413    0.0885    0.6538    0.3692    0.5518    0.0915    0.7581    0.3960    0.6964    0.6318
    0.1048    0.7984    0.7491    0.6850    0.2290    0.4053    0.4326    0.2729    0.1253    0.1265
    0.1279    0.9430    0.5832    0.5979    0.6419    0.1048    0.6555    0.0372    0.1302    0.1343
    0.5495    0.6837    0.7400    0.7894    0.4845    0.1123    0.1098    0.6733    0.0924    0.0986
    0.4852    0.1321    0.2348    0.3677    0.1518    0.7844    0.9338    0.4296    0.0078    0.1420
    0.8905    0.7227    0.7350    0.2060    0.7819    0.2916    0.1875    0.4517    0.4231    0.1683
    0.7990    0.1104    0.9706    0.0867    0.1006    0.6035    0.2662    0.6099    0.6556    0.1962


beta =

    0.5000


x0 =

     1
     1
     1
     1
     1
     1
     1
     1
     1
     1

x =

    0.2455
    0.1562
    0.2614
    0.2212
    0.1786
    0.1013
    0.2900
    0.2419
    0.0852
    0.0814


ans =

   1.0e-06 *

    0.0023
    0.0966
    0.0011
    0.0046
    0.0179
    0.4027
    0.0005
    0.0017
    0.9491
    0.9650


Test case 3:


N =

    15


K =

    15


a =

    0.0512
    0.0800
    0.0441
    0.1027
    0.1044
    0.0914
    0.0411
    0.0481
    0.0261
    0.0829
    0.0933
    0.0966
    0.0590
    0.0633
    0.0157


b =

    0.8997    0.8266    0.4378    0.4001    0.5708    0.8862    0.6954    0.7343    0.0781    0.5201    0.1008    0.5326    0.3604    0.0034    0.2649
    0.4504    0.3900    0.1170    0.8319    0.9969    0.9311    0.7202    0.4303    0.6690    0.8639    0.5078    0.5539    0.1403    0.2207    0.0684
    0.2057    0.4979    0.8147    0.1343    0.5535    0.1908    0.3469    0.6938    0.5002    0.0977    0.5856    0.6801    0.2601    0.0013    0.4363
    0.8997    0.6948    0.3249    0.0605    0.5155    0.2586    0.5170    0.9452    0.2180    0.9081    0.7629    0.3672    0.0868    0.1892    0.1739
    0.7626    0.8344    0.2462    0.0842    0.3307    0.8979    0.5567    0.7842    0.5716    0.1080    0.0830    0.2393    0.4294    0.1425    0.0261
    0.8825    0.6096    0.3427    0.1639    0.4300    0.5934    0.1565    0.7056    0.1222    0.5170    0.6616    0.5789    0.2573    0.2681    0.9547
    0.2850    0.5747    0.3757    0.3242    0.4918    0.5038    0.5621    0.1093    0.6712    0.1432    0.5170    0.8669    0.2976    0.1749    0.4306
    0.6732    0.3260    0.5466    0.3017    0.0710    0.6128    0.6948    0.3899    0.5996    0.5594    0.1710    0.4068    0.4249    0.1386    0.9616
    0.6643    0.4564    0.5619    0.0117    0.8877    0.8194    0.4265    0.5909    0.0560    0.0046    0.9386    0.1126    0.1192    0.5989    0.7624
    0.1228    0.7138    0.3958    0.5399    0.0646    0.5319    0.8363    0.4594    0.0563    0.7667    0.5905    0.4438    0.4951    0.9011    0.0073
    0.4073    0.8844    0.3981    0.0954    0.4362    0.2021    0.7314    0.0503    0.1525    0.8487    0.4406    0.3002    0.7064    0.9394    0.6800
    0.2753    0.7209    0.5154    0.1465    0.8266    0.4539    0.3600    0.2287    0.0196    0.9168    0.9419    0.4014    0.2436    0.2212    0.7060
    0.7167    0.0186    0.6575    0.6311    0.3945    0.4279    0.4542    0.8342    0.4352    0.9870    0.6559    0.8334    0.7851    0.4827    0.6451
    0.2834    0.6748    0.9509    0.8593    0.6135    0.9661    0.3864    0.0156    0.8322    0.5051    0.4519    0.4036    0.0741    0.3760    0.5523
    0.8962    0.4385    0.7223    0.9742    0.8186    0.6201    0.7756    0.8637    0.6174    0.2714    0.8397    0.3902    0.3939    0.5238    0.2181


beta =

    0.5000


x0 =

     1
     1
     1
     1
     1
     1
     1
     1
     1
     1
     1
     1
     1
     1
     1

Equation solved.

fsolve completed because the vector of function values is near zero
as measured by the value of the function tolerance, and
the problem appears regular as measured by the gradient.

<stopping criteria details>

x =

    0.2737
    0.3589
    0.1847
    0.0926
    0.2327
    0.3004
    0.2724
    0.2265
    0.1020
    0.3190
    0.2561
    0.2011
    0.1083
    0.1070
    0.1611


ans =

   1.0e-06 *

    0.0006
    0.0000
    0.0103
    0.6953
    0.0029
    0.0002
    0.0004
    0.0070
    0.5194
    0.0003
    0.0015
    0.0045
    0.2849
    0.3655
    0.0804


Test case 4:


N =

     5


K =

     5


a =

    0.0406
    0.1246
    0.3802
    0.0139
    0.4408


b =

    0.7303    0.9631    0.6241    0.0377    0.2619
    0.4886    0.5468    0.6791    0.8852    0.3354
    0.5785    0.5211    0.3955    0.9133    0.6797
    0.2373    0.2316    0.3674    0.7962    0.1366
    0.4588    0.4889    0.9880    0.0987    0.7212


beta =

   -0.5000


x0 =

     1
     1
     1
     1
     1

Equation solved.

fsolve completed because the vector of function values is near zero
as measured by the value of the function tolerance, and
the problem appears regular as measured by the gradient.

<stopping criteria details>

x =

    0.6396
    0.6450
    0.7529
    0.5222
    0.7196


ans =

   1.0e-11 *

   -0.0251
   -0.0167
    0.0001
   -0.1377
   -0.0001


Test case 5:


N =

    10


K =

    10


a =

    0.0185
    0.1132
    0.0856
    0.1349
    0.1238
    0.1565
    0.1543
    0.0579
    0.1210
    0.0343


b =

    0.0305    0.1829    0.0596    0.6596    0.1734    0.2920    0.9516    0.3015    0.0326    0.6448
    0.7441    0.2399    0.6820    0.5186    0.3909    0.4317    0.9203    0.7011    0.5612    0.3763
    0.5000    0.8865    0.0424    0.9730    0.8314    0.0155    0.0527    0.6663    0.8819    0.1909
    0.4799    0.0287    0.0714    0.6490    0.8034    0.9841    0.7379    0.5391    0.6692    0.4283
    0.9047    0.4899    0.5216    0.8003    0.0605    0.1672    0.2691    0.6981    0.1904    0.4820
    0.6099    0.1679    0.0967    0.4538    0.3993    0.1062    0.4228    0.6665    0.3689    0.1206
    0.6177    0.9787    0.8181    0.4324    0.5269    0.3724    0.5479    0.1781    0.4607    0.5895
    0.8594    0.7127    0.8175    0.8253    0.4168    0.1981    0.9427    0.1280    0.9816    0.2262
    0.8055    0.5005    0.7224    0.0835    0.6569    0.4897    0.4177    0.9991    0.1564    0.3846
    0.5767    0.4711    0.1499    0.1332    0.6280    0.3395    0.9831    0.1711    0.8555    0.5830


beta =

   -0.7000


x0 =

     1
     1
     1
     1
     1
     1
     1
     1
     1
     1

Equation solved.

fsolve completed because the vector of function values is near zero
as measured by the value of the function tolerance, and
the problem appears regular as measured by the gradient.

<stopping criteria details>

x =

    0.7695
    0.5618
    0.5270
    0.6532
    0.6274
    0.4887
    0.6559
    0.6713
    0.6102
    0.5399


ans =

   1.0e-06 *

   -0.0019
   -0.1100
   -0.1683
   -0.0238
   -0.0356
   -0.2903
   -0.0235
   -0.0180
   -0.0527
   -0.1108


Test case 6:


N =

    15


K =

    15


a =

    0.0508
    0.0219
    0.0857
    0.0383
    0.0065
    0.1104
    0.0355
    0.0647
    0.1006
    0.0525
    0.1077
    0.0577
    0.0999
    0.1030
    0.0647


